index,date,open,high,low,volume,close,returns,mfi,close_diff_day1,close_diff_day2,close_diff_day3,normal_amplitude,normal_volume,normal_close,normal_close_diff_day1,normal_close_diff_day2,normal_close_diff_day3,normal_returns,normal_mfi,normal_weekday,rate_day1,rate_day2,rate_day3,bummpy_day1_g000,bummpy_day1_g0005,bummpy_day1_g001,bummpy_day1_g002,bummpy_day1_g003,bummpy_day1_s000,bummpy_day1_s0005,bummpy_day1_s001,bummpy_day1_s002,bummpy_day1_s003,bummpy_day2_g000,bummpy_day2_g0005,bummpy_day2_g001,bummpy_day2_g002,bummpy_day2_g003,bummpy_day2_s000,bummpy_day2_s0005,bummpy_day2_s001,bummpy_day2_s002,bummpy_day2_s003
14,2019-07-22,151.669998,152.990005,151.490005,994100,150.873428,0.004221628438520735,45.828453185808556,0.0,0.0,0.0,-0.9691838093928392,-0.6879726323370544,-0.5903097758424547,-0.3666854313000878,-0.16143680327648557,-0.24254923063145295,-0.23746038381627899,-0.3008250022776451,1,1.0,1.0,1.0,1,1,1,1,1,0,0,0,0,0,1,1,1,1,1,0,0,0,0,0
15,2019-07-23,153.0,156.970001,152.520004,1874700,155.848907,0.03244573289287493,54.512288958537425,4.975479000000007,0.0,0.0,-0.5146386420025587,0.10478934101548432,-0.2936992516953758,0.2154993921873528,-0.16143680327648557,-0.24254923063145295,0.29027289954173763,-0.03850018665274568,2,0.03297783490410258,1.0,1.0,1,1,1,1,1,0,0,0,0,0,1,1,1,1,1,0,0,0,0,0
16,2019-07-24,155.5,158.850006,155.5,1427400,157.616653,0.011278845050068946,60.495291825437015,1.7677460000000167,6.743225000000024,0.0,-0.6841288459664263,-0.2978934101548434,-0.1883160177155112,-0.15984004154351614,0.607898665596048,-0.24254923063145295,-0.10550480308902183,0.14223677855698136,3,0.011342691033438025,0.04469458332980957,1.0,1,1,1,0,0,0,0,0,0,0,1,1,1,1,1,0,0,0,0,0
17,2019-07-25,158.5,160.779999,157.529999,2054400,157.547134,-0.00044116109778508735,68.42798538207671,-0.06951900000001388,1.6982270000000028,6.67370600000001,-0.6995380968944902,0.2665646380986675,-0.19246035578390241,-0.3748199057384346,0.03231414901963292,0.43163096009397983,-0.3246450537703493,0.38187078697402543,4,-0.0004410638005364438,0.010896624382486063,0.044233806366486286,0,0,0,0,0,1,0,0,0,0,1,1,1,0,0,0,0,0,0,0
18,2019-07-26,155.0,157.009995,153.110001,2869100,154.557877,-0.019156042383538532,61.972615536879445,-2.989257000000009,-3.058776000000023,-1.2910300000000063,-0.5993848996089761,1.0,-0.37066331585675627,-0.7164608115003859,-0.5104129783464353,-0.372969547563643,-0.6745752265614473,0.18686436944711238,5,-0.018973731378699718,-0.019406426553163915,-0.008283856620181535,0,0,0,0,0,1,1,1,0,0,0,0,0,0,0,1,1,1,0,0
19,2019-07-29,155.809998,156.71000700000002,154.020004,1697600,154.667114,0.0007065211915165442,69.28931533094433,0.10923700000000736,-2.880020000000002,-2.9495390000000157,-0.7858242626441663,-0.0546453006841916,-0.3641512104240423,-0.35390352154560956,-0.4900186816895991,-0.5405127258127076,-0.30318573187177417,0.4078901896829621,1,0.0007067708364032935,-0.018280370622292638,-0.0187133716130872,1,0,0,0,0,0,0,0,0,0,0,0,0,0,0,1,1,1,0,0
20,2019-07-30,154.58999599999999,156.199997,152.610001,1552200,154.816071,0.0009626178010438547,62.36897294000585,0.1489569999999958,0.25819400000000314,-2.731063000000006,-0.6471504033707276,-0.18554195174648913,-0.3552712183980731,-0.3492558522078605,-0.1319794142600911,-0.5184422013771186,-0.29839724673768325,0.19883769384175642,2,0.0009630812662606208,0.0016705327804159937,-0.01733489483851865,1,0,0,0,0,0,0,0,0,0,1,0,0,0,0,0,0,0,0,0
21,2019-07-31,155.820007,156.809998,152.199997,1182300,153.16751100000002,-0.010705607970346118,62.5410944987042,-1.648559999999975,-1.4996029999999791,-1.3903659999999718,-0.48998470338393596,-0.5185451926539433,-0.4535492426220529,-0.5595847707623665,-0.33252671605970696,-0.38300450616473786,-0.5165693098143663,0.2040372113513358,3,-0.010648506898227479,-0.009695681009474186,-0.00899576279764746,0,0,0,0,0,1,1,1,0,0,0,0,0,0,0,1,1,0,0,0
22,2019-08-01,153.679993,156.58999599999999,150.949997,1709700,150.366943,-0.018453572151494835,55.56142596932803,-2.800568000000027,-4.449128000000002,-4.300171000000006,-0.3312792493371539,-0.043752250630176404,-0.6205036087020908,-0.6943821589407004,-0.6690384294944905,-0.6769540583136995,-0.6614404635925377,-0.006807432422500925,4,-0.018284347520669878,-0.028738153418193916,-0.02780274932911728,0,0,0,0,0,1,1,1,0,0,0,0,0,0,0,1,1,1,1,0
23,2019-08-02,151.169998,152.929993,149.550003,1761300,150.625153,0.0017157265374933344,49.54419467708837,0.2582100000000196,-2.5423580000000072,-4.190917999999982,-0.679508813370114,0.0027007562117391526,-0.6051105574119493,-0.3364720702804346,-0.45149477760951395,-0.665917280790485,-0.28431564684653854,-0.18857838371872915,5,0.0017171992383992246,-0.016598546149907776,-0.027070303314957415,1,0,0,0,0,0,0,0,0,0,0,0,0,0,0,1,1,1,0,0
24,2019-08-05,149.08999599999999,149.360001,145.350006,2016200,145.66951,-0.033453894324259076,42.02368059515213,-4.955643000000009,-4.6974329999999895,-7.498001000000016,-0.5824355864543853,0.23217500900252075,-0.9005385690095871,-0.946549228378072,-0.69736758113905,-1.0,-0.94191594455823,-0.41576110821749435,1,-0.032900501020569975,-0.031239798497466227,-0.04895294668593273,0,0,0,0,0,1,1,1,1,1,0,0,0,0,0,1,1,1,1,1
25,2019-08-06,147.889999,149.110001,146.149994,1536000,147.953674,0.01555878556386723,48.046705740663306,2.284164000000004,-2.671479000000005,-2.4132689999999855,-0.744221164954221,-0.20012603528988127,-0.7643693516783738,-0.09941355352583398,-0.46622621028101585,-0.48633853670693217,-0.025478630298433447,-0.23381513386337027,2,0.0156804536515569,-0.017735942150379127,-0.016049199058332825,1,1,1,0,0,0,0,0,0,0,0,0,0,0,0,1,1,1,0,0
26,2019-08-07,146.820007,149.559998,145.550003,1393400,147.99340800000002,0.000268520979968655,47.20282864280255,0.03973400000000993,2.323898000000014,-2.631744999999995,-0.5824355864543853,-0.32850198055455526,-0.7620006304825928,-0.3620361238110087,0.10369703957199528,-0.5084090611425209,-0.3113754439714264,-0.2593073138055104,3,0.0002685570349541298,0.015953221782650424,-0.01747214822746102,1,0,0,0,0,0,0,0,0,0,1,1,1,0,0,0,0,0,0,0
27,2019-08-08,150.029999,151.440002,149.940002,970300,149.810806,0.012205472431390198,46.21312085432707,1.8173979999999972,1.857132000000007,4.141296000000011,-0.9691838093928392,-0.7093986316168528,-0.6536574190322284,-0.15403022084971218,0.050443642352747675,0.17580598716364848,-0.08817875785754367,-0.289204806103752,4,0.01228026318577647,0.012552118171800228,0.028429394730578907,1,1,1,0,0,0,0,0,0,0,1,1,1,0,0,0,0,0,0,0
28,2019-08-09,150.380005,150.580002,148.059998,966300,148.499893,-0.008788966959231287,42.01261036399564,-1.3109130000000278,0.5064849999999694,0.5462189999999794,-0.8120182634893158,-0.7129996398991718,-0.7318067976229568,-0.5200764220996482,-0.10365185987746207,-0.18736998995201026,-0.48073202557209466,-0.41609552222796786,5,-0.008750456892942874,0.0034223483791924665,0.003691824509879892,0,0,0,0,0,1,1,0,0,0,1,0,0,0,0,0,0,0,0,0
29,2019-08-12,148.720001,149.28999299999998,147.580002,1127000,146.8414,-0.011231144933720643,34.977983527907384,-1.658492999999993,-2.9694060000000206,-1.1520080000000235,-0.9368277106424199,-0.5683291321570041,-0.8306769723386491,-0.5607470391292335,-0.5002167427391199,-0.3589254949075896,-0.5263957809307902,-0.6286003687109092,1,-0.011168311077503558,-0.01982104014579576,-0.0077841845496255035,0,0,0,0,0,1,1,1,0,0,0,0,0,0,0,1,1,1,0,0
30,2019-08-13,147.470001,153.41000400000001,147.25,1219400,150.83371,0.026824878936268667,34.181678157633186,3.9923100000000034,2.3338170000000105,1.0229039999999827,-0.2511551814927476,-0.4851458408354341,-0.5926775432067775,0.10045799200792788,0.10482869964795954,-0.13921509906890056,0.18517437573939588,-0.6526554827072271,2,0.027187904773449473,0.01571595071789049,0.0068279720756590995,1,1,1,1,0,0,0,0,0,0,1,1,1,0,0,0,0,0,0,0
31,2019-08-14,149.020004,150.050003,146.580002,1265500,145.580139,-0.03545125321518231,25.519502405437876,-5.253570999999994,-1.2612609999999904,-2.9197539999999833,-0.665639624668577,-0.44364422038170703,-0.9058663734588759,-0.9814100247138533,-0.30533424445717133,-0.5375038343540819,-0.9792624887951237,-0.914325983690348,3,-0.03483021799304674,-0.008589273869630707,-0.019661657264628356,0,0,0,0,0,1,1,1,1,1,0,0,0,0,0,1,1,0,0,0
32,2019-08-15,147.389999,147.729996,145.229996,942600,145.60994,0.00020468417197708235,28.2124100805744,0.029800999999991973,-5.223770000000002,-1.2314599999999984,-0.8151005451080684,-0.7343356139719123,-0.9040898027548092,-0.36319839217787575,-0.7574174419519356,-0.36695176464639745,-0.3125690622963221,-0.8329775418423884,4,0.00020470512121156838,-0.03463264279583126,-0.00838632701676774,1,0,0,0,0,0,0,0,0,0,0,0,0,0,0,1,1,1,1,1
33,2019-08-16,147.860001,150.610001,147.860001,926300,149.185135,0.024256648775716944,24.981634006861086,3.575195000000008,3.604996,-1.648574999999994,-0.7765797290368757,-0.7490097227223623,-0.6909564616477493,0.05165102836704816,0.24985768681447212,-0.40908887261226157,0.13715370116887093,-0.9305741293462368,5,0.02455323448385466,0.024762965777907382,-0.010929751711338228,1,1,1,1,0,0,0,0,0,0,1,1,1,1,0,0,0,0,0,0
34,2019-08-19,152.309998,153.21000700000002,151.699997,1124800,151.975784,0.018533140925860333,31.930192843905232,2.790649000000002,6.36584400000001,6.395645000000002,-0.9676414359173452,-0.5703096867122794,-0.5245934114568982,-0.04014933387501546,0.5648432153361804,0.40354113743572817,0.030135758586666728,-0.7206692597135435,1,0.018705945468360515,0.04371847141754203,0.04393212593374431,1,1,1,0,0,0,0,0,0,0,1,1,1,1,1,0,0,0,0,0
35,2019-08-20,152.679993,153.28999299999998,151.179993,1009100,151.111771,-0.005701424068586142,32.27415724704983,-0.8640129999999999,1.926636000000002,5.50183100000001,-0.8751930181791313,-0.674468851278358,-0.5761010851502029,-0.4677842915094974,0.058373363284277086,0.313247724301698,-0.423001260373715,-0.7102786442069953,2,-0.005685201795043873,0.012914396598561927,0.037784721290318575,0,0,0,0,0,1,1,0,0,0,1,1,1,0,0,0,0,0,0,0
36,2019-08-21,153.78999299999998,154.71000700000002,151.559998,785400,151.081985,-0.0001971318037190953,38.77821673316717,-0.029786000000001422,-0.8937990000000013,1.8968500000000006,-0.714945036573587,-0.8758552394670509,-0.5778767616372793,-0.3701707152601643,-0.26341045427327126,-0.05092875847137643,-0.3200822028639101,-0.5138013903571161,3,-0.0001971123745217798,-0.005881193545940196,0.01271473863666109,0,0,0,0,0,1,0,0,0,0,0,0,0,0,0,1,1,0,0,0
37,2019-08-22,152.83999599999999,153.380005,151.0,691000,150.764175,-0.002105775454877251,41.40385113683154,-0.3178100000000086,-0.34759600000001,-1.21160900000001,-0.8335897664059178,-0.9608390349297804,-0.5968228351066251,-0.4038726365425475,-0.20109407878460284,-0.3649464094560305,-0.3557699527592211,-0.43448516664377834,4,-0.002103559865195103,-0.0023002576020369056,-0.007972381968432614,0,0,0,0,0,1,0,0,0,0,0,0,0,0,0,1,0,0,0,0
38,2019-08-23,151.0,151.009995,145.330002,1449800,145.35173,-0.03656033179867711,42.89044134436558,-5.412444999999991,-5.730255,-5.760041000000001,-0.32511684326534773,-0.27772776377385666,-0.9194828540449489,-1.0,-0.8152023853509623,-0.8244306530324857,-1.0,-0.3895776496999612,5,-0.03590007374099312,-0.03792811565190912,-0.03811775192549362,0,0,0,0,0,1,1,1,1,1,0,0,0,0,0,1,1,1,1,1
39,2019-08-26,147.899994,148.080002,144.490005,1543900,144.299026,-0.0072688133085395,33.04578083679726,-1.0527040000000056,-6.465148999999997,-6.782959000000005,-0.6471502492874593,-0.19301404393230115,-0.9822392409600038,-0.4898631780908038,-0.8990465430146333,-0.9277661988800973,-0.4523082476419329,-0.6869691273978455,1,-0.00724245937767652,-0.04288252829294491,-0.04489588219270488,0,0,0,0,0,1,1,0,0,0,0,0,0,0,0,1,1,1,1,1
40,2019-08-27,146.619995,146.619995,144.630005,1291200,144.001099,-0.0020667844389731203,33.31384897344928,-0.2979269999999872,-1.3506309999999928,-6.763075999999984,-0.8936845507259479,-0.42050774216780695,-1.0,-0.40154611062506035,-0.3155304800644868,-0.9257576110381683,-0.3550409001553438,-0.6788712169395443,2,-0.0020646501106666316,-0.009292156343787534,-0.04485864098682584,0,0,0,0,0,1,0,0,0,0,0,0,0,0,0,1,1,0,0,0
41,2019-08-28,144.0,145.779999,143.119995,1330400,144.299026,0.0020667844389732253,26.37149662361793,0.2979269999999872,0.0,-1.0527040000000056,-0.7904466064894455,-0.38521786100108035,-0.9822392409600038,-0.33182475197511524,-0.16143680327648557,-0.3488937689580482,-0.277751578913174,-0.8885885985017139,3,0.0020689217101043595,0.0,-0.00724245937767652,1,0,0,0,0,0,0,0,0,0,0,0,0,0,0,0,0,0,0,0
42,2019-08-29,147.28999299999998,148.399994,146.199997,1253200,147.129395,0.019424721761318826,33.72492384872733,2.8303689999999904,3.1282959999999775,2.8303689999999904,-0.8613259866432931,-0.45471732084983807,-0.8135083041758993,-0.035501664537266386,0.19547091816719242,0.04337566810447324,0.04680650477230902,-0.6664533012065001,4,0.019614609179690448,0.02172411198056188,0.019614609179690448,1,1,1,0,0,0,0,0,0,0,1,1,1,1,0,0,0,0,0,0
43,2019-08-30,149.690002,150.630005,148.779999,1330400,148.827621,0.011476292481188956,41.56878104407361,1.6982260000000053,4.528594999999996,4.826521999999983,-0.9152537423935825,-0.38521786100108035,-0.7122694678788921,-0.16797463299267176,0.35523122391507267,0.24502776519372732,-0.10181293816965525,-0.42950289744378045,5,0.011542397764906228,0.031383406565751844,0.033517258087037115,1,1,1,0,0,0,0,0,0,0,1,1,1,1,1,0,0,0,0,0
44,2019-09-03,148.020004,148.229996,144.5,1352300,144.060684,-0.032554102701200065,33.72195517228812,-4.766936999999984,-3.068710999999979,-0.23834199999998873,-0.6255787463708574,-0.3655023406553837,-0.9964478720377858,-0.9244685866346267,-0.5115464638645983,-0.2666266255628259,-0.9250916733632687,-0.6665429801824674,2,-0.03202992138132736,-0.020857225709383087,-0.001651722860554781,0,0,0,0,0,1,1,1,1,1,0,0,0,0,0,1,1,1,1,0
45,2019-09-04,146.740005,147.190002,145.639999,992800,145.778763,0.011855523057520705,40.4404432907679,1.7180789999999888,-3.0488579999999956,-1.3506319999999903,-0.9614791839288073,-0.6891429600288081,-0.8940255097454148,-0.16565161739946224,-0.5092814323606053,-0.37899056313244484,-0.09472209858177835,-0.4635881796675734,3,0.011926078318495202,-0.02048583441376111,-0.009179892298204519,1,1,1,0,0,0,0,0,0,0,0,0,0,0,0,1,1,1,1,0
46,2019-09-05,148.740005,152.350006,148.41000400000001,1258000,150.436447,0.03145056540512486,47.40084048953197,4.657683999999989,6.375762999999978,1.6088259999999934,-0.593220336371471,-0.45039611091105525,-0.6163601648506916,0.17831394210702856,0.5659748754121414,-0.08002504698835736,0.2716652938814462,-0.253325692026346,4,0.031950360286703686,0.04425748110428226,0.010809996082649157,1,1,1,1,1,0,0,0,0,0,1,1,1,1,1,0,0,0,0,0
47,2019-09-06,152.350006,152.720001,150.800003,957600,151.439499,0.0066454827204594944,47.55261786105885,1.0030520000000251,5.660736000000014,7.378815000000003,-0.9044691465597652,-0.7208318329132157,-0.5565637554061365,-0.2493175052031757,0.48439734651439725,0.5028613259659876,-0.1921392441975659,-0.2487407399333026,5,0.006667612935580865,0.03883100585782865,0.05122018579337026,1,1,0,0,0,0,0,0,0,0,1,1,1,1,1,0,0,0,0,0
48,2019-09-09,153.059998,153.899994,151.990005,1056300,152.651108,0.007968778934163626,47.33887087031233,1.2116089999999815,2.2146610000000067,6.872344999999996,-0.9060113659519909,-0.6319769535469932,-0.4843343317564113,-0.2249140818881452,0.09123417519875632,0.45169754362425507,-0.16739629949784213,-0.2551976952932884,1,0.008000614159453747,0.014721572093496777,0.04714229191257437,1,1,0,0,0,0,0,0,0,0,1,1,1,0,0,0,0,0,0,0
49,2019-09-10,153.740005,157.360001,152.949997,1486700,156.275955,0.023468409232568883,55.12760775424092,3.624847000000017,4.836455999999998,5.8395080000000235,-0.5208008939910966,-0.24450846236946355,-0.26824101317884974,0.05746084906085541,0.3903551278012055,0.3473599768138106,0.12241522672583244,-0.01991238814320151,2,0.023745959315277402,0.03193655573305877,0.038817109260763275,1,1,1,1,0,0,0,0,0,0,1,1,1,1,1,0,0,0,0,0
50,2019-09-11,157.58999599999999,159.639999,156.100006,1274000,158.44091799999998,0.013758379906906714,56.54941894223923,2.1649629999999718,5.789809999999989,7.00141899999997,-0.6548550288347595,-0.43599207778177895,-0.13917789982051332,-0.1133613589822624,0.49912341694942397,0.46473664572699636,-0.059142550096517255,0.023038258035113834,3,0.013853461973724439,0.03792838503340565,0.04623244956720287,1,1,1,0,0,0,0,0,0,0,1,1,1,1,1,0,0,0,0,0
51,2019-09-12,159.820007,160.929993,158.169998,1822200,158.748795,0.0019412804644645554,63.262355743051394,0.30787700000001905,2.472839999999991,6.097687000000008,-0.7750396668103489,0.057526107310046815,-0.12082397684288004,-0.3306604944244918,0.12068985286308298,0.3734413126504943,-0.280098247685218,0.2258253621055164,4,0.0019431659692859082,0.015823547518874485,0.03994525214975844,1,0,0,0,0,0,0,0,0,0,1,1,1,0,0,0,0,0,0,0
52,2019-09-13,160.899994,161.71000700000002,158.809998,1224600,158.66935700000002,-0.0005005258908975806,70.8025258055854,-0.07943799999998191,0.22843900000003714,2.393402000000009,-0.7534658526447797,-0.48046453006841916,-0.1255596308004563,-0.3759805359539683,-0.1353741663077057,-0.0007668960721188001,-0.3257550545229256,0.4536018623988942,5,-0.0005004006487103219,0.0014417929590640037,0.01531522875672082,0,0,0,0,0,1,0,0,0,0,1,0,0,0,0,0,0,0,0,0
53,2019-09-16,158.229996,158.800003,156.449997,1459800,155.709869,-0.018828059756493595,70.69067249239546,-2.9594880000000217,-3.0389260000000036,-2.7310489999999845,-0.8382121102511971,-0.2687252430680591,-0.3019879278321582,-0.7129775167240658,-0.5081482891128513,-0.5184407870920595,-0.6684426192741288,0.45022295237255183,1,-0.01865191903437298,-0.019142986250698806,-0.017237018280845767,0,0,0,0,0,1,1,1,0,0,0,0,0,0,0,1,1,1,0,0
54,2019-09-17,156.25,157.83999599999999,153.899994,915500,156.395111,0.00439110648640626,71.85341082833526,0.6852420000000166,-2.274246000000005,-2.353683999999987,-0.593220336371471,-0.7587324450846238,-0.26113759185694896,-0.2865047104456354,-0.4209058426072927,-0.4803192384842694,-0.23429148941212236,0.4853474212798623,2,0.004400761521416581,-0.014333240160543442,-0.014826468446579307,1,0,0,0,0,0,0,0,0,0,0,0,0,0,0,1,1,1,0,0
55,2019-09-18,156.520004,157.66000400000001,155.169998,799500,156.21636999999998,-0.0011435345810469938,78.42302224365727,-0.17874100000003068,0.5065009999999859,-2.4529870000000358,-0.816640453251327,-0.8631616852718762,-0.2717931411410639,-0.3876000603307774,-0.1036500344352568,-0.49035086341345274,-0.3377780077340393,0.6838048942624517,3,-0.0011428809945346096,0.0032528509801776654,-0.015459739967308468,0,0,0,0,0,1,0,0,0,0,1,0,0,0,0,0,0,0,0,0
56,2019-09-19,157.33999599999999,157.75,155.630005,661000,154.79620400000002,-0.009132594559645555,73.69907888791568,-1.4201659999999663,-1.598906999999997,-0.9136649999999804,-0.8736529559526045,-0.9878465970471733,-0.3564555789959627,-0.5328602040270642,-0.3438563230950545,-0.33484799895585,-0.4871571620051155,0.5411021068941035,4,-0.009091019078218028,-0.010223510119827191,-0.005867739828359758,0,0,0,0,0,1,1,0,0,0,0,0,0,0,0,1,1,1,0,0
57,2019-09-20,156.16000400000001,157.119995,154.649994,2046200,153.99179099999998,-0.005210143093082842,62.989131788668686,-0.8044130000000393,-2.2245790000000056,-2.4033200000000363,-0.8197228889533478,0.2591825711199136,-0.40441023051006475,-0.4608104472866943,-0.4152393277375543,-0.48533348513326485,-0.41381530647842,0.2175717026244337,5,-0.005196593838955116,-0.014240370583441454,-0.015366976529081117,0,0,0,0,0,1,1,0,0,0,0,0,0,0,0,1,1,1,0,0
58,2019-09-23,149.169998,155.100006,149.0,1447900,153.23703,-0.004913357515992782,62.432668465837,-0.7547609999999736,-1.559174000000013,-2.9793399999999792,-0.2603998691833065,-0.27943824270795825,-0.44940490455366344,-0.4550006265928803,-0.3393231796533482,-0.5435232335971056,-0.4082660205018059,0.2007618339921564,1,-0.004901306719654775,-0.010072430458307703,-0.019071880879065233,0,0,0,0,0,1,0,0,0,0,0,0,0,0,0,1,1,1,0,0
59,2019-09-24,154.389999,154.940002,151.070007,1254100,151.171356,-0.013571936927935879,56.09714571380618,-2.0656740000000013,-2.820434999999975,-3.6248480000000143,-0.6040072434542555,-0.45390709398631635,-0.5725489571879905,-0.6083916173924409,-0.4832206208340307,-0.6087326849206753,-0.5701638249005534,0.00937580582322739,2,-0.01348025343482578,-0.018315489297737794,-0.023416904977850837,0,0,0,0,0,1,1,1,0,0,0,0,0,0,0,1,1,1,0,0
60,2019-09-25,152.380005,155.009995,152.320007,894100,153.54489099999998,0.015578972429506791,55.25167146945202,2.3735349999999755,0.3078609999999742,-0.4468999999999994,-0.7858265738931334,-0.7779978393950306,-0.43105193540748843,-0.08895618050508974,-0.12631289939035595,-0.2876952300559399,-0.025101177015481535,-0.016164621364758158,3,0.015700957263358645,0.0020090509454534205,-0.002902102749100434,1,1,1,0,0,0,0,0,0,0,1,0,0,0,0,0,0,0,0,0
61,2019-09-26,154.550003,156.369995,153.860001,896100,154.250015,0.004581786246595383,55.14365543326764,0.7051240000000121,3.0786589999999876,1.0129849999999863,-0.8135606369648098,-0.7761973352538711,-0.3890163446173993,-0.2841783015389604,0.18980782600158647,-0.14021712003173636,-0.23072616615882777,-0.019427613378677266,4,0.004592298678306478,0.02036535942695379,0.006610575785761354,1,0,0,0,0,0,0,0,0,0,1,1,1,1,0,0,0,0,0,0
62,2019-09-27,155.21000700000002,155.580002,153.41000400000001,811300,154.940002,0.004463198081753959,49.79944688924778,0.6899870000000021,1.3951110000000142,3.7686459999999897,-0.8659483304885724,-0.852538710839035,-0.347883138000574,-0.28594949415642196,-0.0022683971630552413,0.13816074955895824,-0.23294352337207005,-0.1808676218797216,5,0.004473172984780599,0.009086013809472921,0.024929630187348388,1,0,0,0,0,0,0,0,0,0,1,1,0,0,0,0,0,0,0,0
63,2019-09-30,155.639999,156.889999,155.0,821600,156.490005,0.009954184014024592,47.770128164381596,1.5500030000000038,2.239990000000006,2.945114000000018,-0.9090914904050447,-0.8432661145120635,-0.25548053671142235,-0.18531832615101484,0.0941239642968617,0.054967249451450206,-0.1302732671874557,-0.2421701009082251,1,0.010003891699962698,0.014521813822838242,0.019180801007569952,1,1,1,0,0,0,0,0,0,0,1,1,1,0,0,0,0,0,0,0
64,2019-10-01,157.699997,158.110001,152.25,1081200,152.729996,-0.02432051173365792,40.410227305229796,-3.7600089999999966,-2.210005999999993,-1.5200189999999907,-0.2973806230279723,-0.6095606769895572,-0.479631465755185,-0.8066471266416183,-0.4135766921606769,-0.39610209905662386,-0.7711402875130937,-0.4645009563532059,2,-0.02402715112700007,-0.014263624444770518,-0.009854255119521323,0,0,0,0,0,1,1,1,1,0,0,0,0,0,0,1,1,1,0,0
65,2019-10-02,150.759995,151.369995,148.300003,1111700,149.139999,-0.02378617498180609,30.354592096108462,-3.589997000000011,-7.350006000000008,-5.800003000000004,-0.7272743171318656,-0.5821029888368745,-0.6936472201893693,-0.7867538849636335,-1.0,-0.8284676287071366,-0.7611492782702789,-0.7682656429802848,3,-0.0235055136124014,-0.04696789421151854,-0.03743386423862318,0,0,0,0,0,1,1,1,1,0,0,0,0,0,0,1,1,1,1,1
66,2019-10-03,148.740005,149.899994,146.330002,948200,149.830002,0.004615875992975041,22.683403632811903,0.6900030000000186,-2.8999939999999924,-6.660002999999989,-0.6502326849894802,-0.7292942023766655,-0.6525130597410875,-0.28594762198347434,-0.4922975181002561,-0.9153451393472309,-0.23008875731509015,-1.0,4,0.0046265455587137195,-0.018987717383296417,-0.04255864775517126,1,0,0,0,0,0,0,0,0,0,0,0,0,0,0,1,1,1,0,0
67,2019-10-04,150.259995,151.679993,149.529999,679800,151.5,0.01108429354590943,28.632152000341534,1.6699979999999925,2.360001000000011,-1.2299959999999999,-0.869030612107325,-0.9709218581202738,-0.5529570205929826,-0.17127761411216014,0.10781603581380877,-0.36680387083758703,-0.10914252007091538,-0.8202978085315921,5,0.01114595193024153,0.015824064743355747,-0.008053401638274121,1,1,1,0,0,0,0,0,0,0,1,1,1,0,0,0,0,0,0,0
68,2019-10-07,151.08999599999999,151.949997,150.08999599999999,696800,150.199997,-0.008617905592758554,29.131309305195018,-1.3000030000000038,0.36999499999998875,1.0599980000000073,-0.9137136801670558,-0.9556175729204178,-0.6304560053586261,-0.5187998341722825,-0.11922402277376123,-0.13546784979019605,-0.47753352633431145,-0.8052190632178304,1,-0.008580877887788803,0.002469431989996161,0.0071074024883157425,0,0,0,0,0,1,1,0,0,0,1,0,0,0,0,0,0,0,0,0
69,2019-10-08,148.309998,148.639999,146.050003,1088000,146.399994,-0.025625158813061537,22.998413065806446,-3.800003000000004,-5.100006000000008,-3.430008000000015,-0.8012336676554985,-0.6034389629096147,-0.8569911553593528,-0.811326856941065,-0.743297190148157,-0.5890498777426333,-0.7955345313747764,-0.9904840679173242,2,-0.0252996210113107,-0.03366340594059411,-0.02289266471477465,0,0,0,0,0,1,1,1,1,0,0,0,0,0,0,1,1,1,1,1
70,2019-10-09,147.850006,149.029999,146.46000700000002,700300,148.190002,0.012152687154670482,27.691731447545948,1.7900080000000003,-2.0099950000000035,-3.3099980000000073,-0.8043159492742511,-0.9524666906733886,-0.7502807841353025,-0.1572351469111666,-0.3907574096267772,-0.5769264241938907,-0.08916573505079026,-0.8487064121231873,3,0.012226831102192534,-0.013382124102172942,-0.021848171617161766,1,1,1,0,0,0,0,0,0,0,0,0,0,0,0,1,1,1,0,0
71,2019-10-10,148.350006,150.5,147.96000700000002,668500,149.899994,0.011473117383592418,35.75507578480247,1.7099919999999997,3.5,-0.3000030000000038,-0.8089382931195304,-0.981094706517825,-0.6483405240302336,-0.16659788381271343,0.2378786787152703,-0.27285564205536106,-0.10187230602957487,-0.6051256521975312,4,0.01153918602416916,0.02390710480493599,-0.001997356897417274,1,1,1,0,0,0,0,0,0,0,1,1,1,1,0,0,0,0,0,0
72,2019-10-11,152.070007,158.03999299999998,151.990005,1785700,154.529999,0.030419880692501507,48.31526251554727,4.630005000000011,6.339997000000011,8.130005000000011,-0.26810680589630564,0.024666906733885385,-0.3723252479425252,0.17507519992174436,0.5618943275467403,0.578746811102888,0.2523935884362192,-0.22570246242415504,5,0.03088729276400112,0.042782893005157065,0.055532823314186824,1,1,1,1,1,0,0,0,0,0,1,1,1,1,1,0,0,0,0,0
73,2019-10-14,153.5,154.610001,153.16000400000001,667900,153.940002,-0.0038253166761221306,50.49875356366738,-0.589997000000011,4.040008,5.75,-0.9768884348568712,-0.9816348577601729,-0.40749760409460833,-0.43572145764109443,0.29948826580081434,0.33831784632267603,-0.387921872265635,-0.15974268363428834,1,-0.0038180094727109327,0.026951355314930835,0.038801538041682467,0,0,0,0,0,1,0,0,0,0,1,1,1,1,0,0,0,0,0,0
74,2019-10-15,153.580002,157.229996,153.279999,994100,155.770004,0.011817656919153739,50.929437719713306,1.8300020000000075,1.2400049999999965,5.870010000000008,-0.5916802741449441,-0.6879726323370544,-0.2984030119135941,-0.15255541661171987,-0.019964462063003924,0.3504412998714186,-0.095430118266187,-0.14673240283393985,2,0.011887761311059406,0.008024364253053522,0.039159507904983695,1,1,1,0,0,0,0,0,0,0,1,1,0,0,0,0,0,0,0,0
75,2019-10-16,155.779999,156.639999,154.720001,1017500,155.759995,-6.425705412360491e-05,51.41469132285909,-0.010008999999996604,1.8199930000000109,1.2299959999999999,-0.9044691465597652,-0.666906733885488,-0.2989996931047276,-0.3678565924884445,0.04620644872826474,-0.1182945904253189,-0.31759771560611916,-0.1320736661525881,3,-6.42549896833578e-05,0.011822742473395648,0.007959593657927868,0,0,0,0,0,1,0,0,0,0,1,1,1,0,0,0,0,0,0,0
76,2019-10-17,156.740005,158.389999,156.28999299999998,647500,156.96000700000002,0.007674711451125603,57.20672807001773,1.2000120000000152,1.1900030000000186,3.020005000000026,-0.8767329263223899,-1.0,-0.22746161841829426,-0.2262710562413611,-0.025669197128873333,0.06253276532278523,-0.17289476265026796,0.04289451744234052,4,0.00770423753544686,0.007639487510060144,0.019618065225177964,1,1,0,0,0,0,0,0,0,0,1,1,0,0,0,0,0,0,0,0
77,2019-10-18,156.919998,158.830002,156.350006,1336200,158.309998,0.0085640830378437,58.931197878852984,1.3499909999999886,2.550003000000004,2.539994000000007,-0.818182826726821,-0.37999639899171767,-0.14698262572154341,-0.20872189210222852,0.12949339015935013,0.014041880718291433,-0.15626532491759745,0.09498799738516261,5,0.008600859708167497,0.016371360309815133,0.016306053378543968,1,1,0,0,0,0,0,0,0,0,1,1,1,0,0,0,0,0,0,0
78,2019-10-21,159.149994,160.529999,158.860001,1450800,159.490005,0.007426132232344607,68.07888814288259,1.1800069999999891,2.5299979999999778,3.730009999999993,-0.9429899626309579,-0.276827511703277,-0.07663713842932118,-0.22861185747755994,0.12721101695442,0.1342577268832717,-0.1775426878843183,0.3713251166845948,1,0.007453774334581124,0.016118742910096694,0.02394716306969574,1,1,0,0,0,0,0,0,0,0,1,1,1,0,0,0,0,0,0,0
79,2019-10-22,159.71000700000002,162.139999,158.179993,1276900,161.580002,0.013019132744741821,76.37619431550328,2.089997000000011,3.270004,4.619994999999989,-0.5901380547527183,-0.4333813467770977,0.04795691686381254,-0.12213319129781161,0.21163840340207718,0.22416433305423134,-0.07296496677348605,0.6219734901547069,2,0.01310425063940534,0.020655701101076382,0.02943421759658808,1,1,1,0,0,0,0,0,0,0,1,1,1,1,0,0,0,0,0,0
80,2019-10-23,161.119995,162.169998,160.529999,937300,161.630005,0.00030941492723601745,83.00392825614915,0.050003000000003794,2.140000000000015,3.320007000000004,-0.9476123064762373,-0.7391069499459849,0.050937819011911856,-0.36083453981228436,0.08271609142704683,0.09283907572632955,-0.3106108104258066,0.8221867518392332,3,0.0003094628009721388,0.01341776871848499,0.020971556073167304,1,0,0,0,0,0,0,0,0,0,1,1,1,0,0,0,0,0,0,0
81,2019-10-24,161.610001,162.16000400000001,158.850006,1460700,160.130005,-0.009323786797553111,73.77430449874659,-1.5,-1.4499969999999962,0.6400000000000148,-0.6902934092039315,-0.2679150162045374,-0.038483880129138726,-0.5422016449613574,-0.32686716068837085,-0.17789619945742666,-0.4907320675482374,0.5433745525054616,4,-0.009280455073920215,-0.008973864228569549,0.0040127906447806234,0,0,0,0,0,1,1,0,0,0,0,0,0,0,0,1,1,0,0,0
82,2019-10-25,164.110001,172.33999599999999,158.059998,2709500,171.809998,0.07040318687409472,81.20350135848554,11.679992999999996,10.179992999999996,10.229996,1.0,0.8563197695354701,0.6578126665479154,1.0,0.9999999999999999,0.7908886604594048,1.0000000000000002,0.7677987295024982,5,0.07294068966025447,0.0629833117928815,0.06331226558593556,1,1,1,1,1,0,0,0,0,0,1,1,1,1,1,0,0,0,0,0
83,2019-10-28,173.559998,173.75,166.979996,2469700,169.940002,-0.010943758088854937,88.39603454471836,-1.8699960000000146,9.809996999999981,8.309996999999981,-0.1571643902790396,0.640439323010443,0.5463338534099353,-0.5854951762879024,0.9577871054071349,0.5969296679576898,-0.5210222321090672,0.985073674738085,1,-0.010884093020011644,0.061262703389036804,0.051413702548607734,0,0,0,0,0,1,1,1,0,0,1,1,1,1,1,0,0,0,0,0
84,2019-10-29,168.880005,173.350006,168.559998,1357600,172.429993,0.014545871071600701,88.89014623200205,2.4899910000000034,0.6199949999999887,12.299987999999985,-0.4622486372298288,-0.3607310046813108,0.6947733374538849,-0.07532956971966193,-0.09070148834577867,1.0,-0.04441806880672122,1.0000000000000002,2,0.014652177066586145,0.003608608388436095,0.07681251243325686,1,1,1,0,0,0,0,0,0,0,1,0,0,0,0,0,0,0,0,0
85,2019-10-30,171.809998,172.03999299999998,169.08999599999999,1095600,170.21000700000002,-0.012958306470306125,83.21532729518538,-2.2199859999999774,0.27000500000002603,-1.5999909999999886,-0.745763538429715,-0.5965970471732086,0.5624300573276564,-0.6264477893674365,-0.1306318956435729,-0.4041808993832629,-0.5586901848175827,0.8285727793263737,3,-0.012874709100057653,0.0015888254491136587,-0.0093125604948787,0,0,0,0,0,1,1,1,0,0,1,0,0,0,0,0,0,0,0,0
86,2019-10-31,168.850006,169.110001,165.889999,1610600,168.580002,-0.009622583512409674,74.50167348760735,-1.6300050000000113,-3.8499909999999886,-1.3599999999999852,-0.7041602866565013,-0.13296723082463102,0.4652581795220492,-0.5574136351993808,-0.6006828066561762,-0.37993692187625416,-0.49631895770600526,0.5653472084708573,4,-0.009576434598231414,-0.02232784988862111,-0.008002824432119197,0,0,0,0,0,1,1,0,0,0,0,0,0,0,0,1,1,1,1,0
87,2019-11-01,170.919998,172.78999299999998,169.520004,1523200,172.78999299999998,0.024666517380286152,78.87857796147672,4.209990999999974,2.5799859999999626,0.3599999999999852,-0.6964581265247048,-0.21164926179330212,0.7162345452477368,0.125929021945257,0.1329141547583622,-0.2061819005960655,0.14481740949961686,0.6975665052384621,5,0.02497325275865149,0.015157663438671748,0.0020878038312046165,1,1,1,1,0,0,0,0,0,0,1,1,1,0,0,0,0,0,0,0
88,2019-11-04,173.679993,175.559998,173.380005,1310200,175.5,0.015562099092494777,79.3487942105407,2.7100070000000187,6.9199979999999925,5.289992999999981,-0.8644082682620456,-0.4034029528267915,0.8777901656638321,-0.04958531954306156,0.6280667215097955,0.29184777302381537,-0.02541667406010728,0.7117709874589704,1,0.015683819143392286,0.04104874788173269,0.03107921263407257,1,1,1,0,0,0,0,0,0,0,1,1,1,1,1,0,0,0,0,0
89,2019-11-05,175.740005,177.229996,174.740005,1648300,176.179993,0.003867117043636118,80.13074002622534,0.6799929999999961,3.390000000000015,7.599990999999989,-0.816642764500294,-0.09902772776377389,0.9183275853065123,-0.28711890018264313,0.22532876356695963,0.5252046053768394,-0.2440890250443066,0.7353923222350509,2,0.0038746039886039664,0.01961919172020578,0.04508239951260641,1,0,0,0,0,0,0,0,0,0,1,1,1,0,0,0,0,0,0,0
90,2019-11-06,175.729996,177.619995,174.509995,1225000,177.550003,0.007746116336188868,80.76368492187456,1.3700100000000077,2.050003000000004,4.7600100000000225,-0.7211097538943605,-0.48010442924018726,1.0,-0.20637945271470298,0.072448321303385,0.23830869892897083,-0.17155963669425464,0.7545125770852559,3,0.0077761951097364826,0.011680928774928797,0.027547949492653913,1,1,0,0,0,0,0,0,0,0,1,1,1,0,0,0,0,0,0,0
91,2019-11-07,178.119995,179.28999299999998,176.25,1013000,176.509995,-0.005874772620565388,80.59503109751748,-1.0400080000000003,0.33000200000000746,1.0099950000000035,-0.731896660977145,-0.670957868203097,0.9380004783464759,-0.4883776088583742,-0.12378682965127233,-0.14051917091175076,-0.4262425253233014,0.7494178142941579,4,-0.005857549886946497,0.0018730957720040746,0.005754957264957285,0,0,0,0,0,1,1,0,0,0,1,0,0,0,0,0,0,0,0,0
92,2019-11-08,176.029999,176.649994,175.009995,1011600,176.41000400000001,-0.0005666496824143931,75.22498211950281,-0.09999099999998862,-1.1399989999999889,0.23001100000001884,-0.9476123064762373,-0.6722182211019087,0.9320395682672693,-0.3783854591135558,-0.2914994461779471,-0.21931343632931258,-0.3269914347829861,0.5871972075343759,5,-0.0005664891668032091,-0.006420720815194742,0.0013055455167376403,0,0,0,0,0,1,0,0,0,0,0,0,0,0,0,1,1,0,0,0
93,2019-11-11,175.479996,176.889999,174.880005,777200,175.240005,-0.00665436250477006,70.76306296715302,-1.1699990000000184,-1.269990000000007,-2.3099980000000073,-0.8906022691071953,-0.8832373064458049,0.8622907025517144,-0.5035879609450711,-0.30633013726926067,-0.475906062984477,-0.4408192687565393,0.45240975304920794,1,-0.006632271262802184,-0.007195003319783715,-0.013010408115847834,0,0,0,0,0,1,1,0,0,0,0,0,0,0,0,1,1,0,0,0
94,2019-11-12,175.800003,176.570007,174.330002,1057800,174.770004,-0.0026856448125031464,65.7151594547591,-0.47000099999999634,-1.6400000000000148,-1.7399910000000034,-0.8551614234057879,-0.6306265754411235,0.8342718438730525,-0.4216806285914276,-0.3485446291240529,-0.4183237499525823,-0.36661232901649177,0.29992064652561745,2,-0.0026820416947602593,-0.009296524929504647,-0.009857747715646377,0,0,0,0,0,1,0,0,0,0,0,0,0,0,0,1,1,0,0,0
95,2019-11-13,173.600006,174.110001,172.229996,1163500,173.380005,-0.007985100386609089,66.33950928680616,-1.3899989999999889,-1.8599999999999852,-3.0299990000000037,-0.9106313985483032,-0.5354699315808427,0.7514077956168119,-0.5293303389487205,-0.37364445942067415,-0.5486408240756158,-0.4657013574976565,0.31878125822575254,3,-0.007953304160821493,-0.010614014762211318,-0.01717589099992313,0,0,0,0,0,1,1,0,0,0,0,0,0,0,0,1,1,1,0,0
96,2019-11-14,172.940002,174.699997,172.720001,724500,173.66000400000001,0.0016136413871290706,62.79719717460264,0.27999900000000366,-1.1099999999999852,-1.5800009999999816,-0.8952244588692064,-0.9306805905653583,0.7680997865086745,-0.33392252176079285,-0.28807685613672646,-0.402161502362686,-0.2862244312925059,0.2117736643421999,4,0.0016149440069516876,-0.006351204294759788,-0.00901621179478956,1,0,0,0,0,0,0,0,0,0,0,0,0,0,0,1,1,0,0,0
97,2019-11-15,175.029999,175.46000700000002,174.16000400000001,758200,175.16000400000001,0.008600477103448766,59.009556210350254,1.5,1.7799990000000037,0.3900000000000148,-1.0,-0.9003420957868205,0.8575214856497269,-0.19116921763881828,0.041643527760612975,-0.20315128975978008,-0.15558482999640094,0.09735507748670602,5,0.008637567461993147,0.010266460656752222,0.002231504211672472,1,1,0,0,0,0,0,0,0,0,1,1,1,0,0,0,0,0,0,0
